one_d_ing_value: sum of sell value of ingredients 
                 i.e. depth one best selling value of ingredients
best_ing_value: best possible selling value of ingredients
cost: ingredient cost of making it
      i.e. sum of all base ingredient cost needed


     ing_cost(ic)    value           one_d_ing_value(odiv)     best_ing_value(biv)
     value-ic        value-odiv      value-biv
-------------------------------------------------------------------------------------------
瑞士卷木柴
     10.00           50.00           50.00                     50.00               
     40.00           0.00            0.00                     
豆豆果凍
     16.67           89.00           89.00                     89.00               
     72.33           0.00            0.00                     
方糖
     26.67           131.00          131.00                    131.00              
     104.33          0.00            0.00                     
餅乾粉
     66.67           547.00          547.00                    547.00              
     480.33          0.00            0.00                     
果凍莓
     250.00          1513.00         1513.00                   1513.00             
     1263.00         0.00            0.00                     
香醇牛奶
     350.00          1865.00         1865.00                   1865.00             
     1515.00         0.00            0.00                     
棉花糖羊毛
     1000.00         8029.00         8029.00                   8029.00             
     7029.00         0.00            0.00                     
堅硬斧頭
     20.00           123.00          100.00                    100.00              
     103.00          23.00           23.00                    
堅固的十字鎬
     110.00          672.00          543.00                    543.00              
     562.00          129.00          129.00                   
銳利的鋸子
     193.33          1348.00         955.00                    955.00              
     1154.67         393.00          393.00                   
耐用的鏟子
     366.67          2545.00         1810.00                   1810.00             
     2178.33         735.00          735.00                   
神秘蝴蝶餅木樁
     550.00          5889.00         2715.00                   2715.00             
     5339.00         3174.00         3174.00                  
藍色糖果鉗子
     700.00          11871.00        3458.00                   3458.00             
     11171.00        8413.00         8413.00                  
恆久的糖衣槌子
     1233.33         18045.00        6085.00                   6085.00             
     16811.67        11960.00        11960.00                 
豆豆果凍果醬
     50.00           351.00          267.00                    267.00              
     301.00          84.00           84.00                    
甜甜果凍果醬
     100.00          1256.00         534.00                    534.00              
     1156.00         722.00          722.00                   
椪糖果醬
     466.67          4728.00         5378.00                   5378.00             
     4261.33         -650.00         -650.00                  
石榴果醬
     1166.67         13343.00        8993.00                   8993.00             
     12176.33        4350.00         4350.00                  
紮實的黑麥麵包
     183.33          2422.00         1445.00                   1445.00             
     2238.67         977.00          977.00                   
香甜果醬派
     300.00          3516.00         2175.00                   2175.00             
     3216.00         1341.00         1341.00                  
銀杏佛卡夏
     866.67          6475.00         7839.00                   7839.00             
     5608.33         -1364.00        -1364.00                 
糖霜甜甜圈
     1036.67         7604.00         8599.00                   8599.00             
     6567.33         -995.00         -995.00                  
柔軟的蜂蜜蛋糕
     4583.33         25307.00        34402.00                  37928.00            
     20723.67        -9095.00        -12621.00                
松果鳥娃娃
     60.00           788.00          300.00                    300.00              
     728.00          488.00          488.00                   
橡實桌燈
     870.00          5014.00         5139.00                   5139.00             
     4144.00         -125.00         -125.00                  
咕咕鐘
     2400.00         15959.00        23288.00                  25888.00            
     13559.00        -7329.00        -9929.00                 
天鵝羽毛捕夢網
     3170.00         25935.00        25807.00                  25807.00            
     22765.00        128.00          128.00                   
暖呼呼的果凍燉湯
     316.67          3183.00         1869.00                   1869.00             
     2866.33         1314.00         1314.00                  
熊熊果凍漢堡
     466.67          4557.00         4406.00                   4406.00             
     4090.33         151.00          151.00                   
糖果奶油義大利麵
     1266.67         8802.00         9806.00                   9806.00             
     7535.33         -1004.00        -1004.00                 
滑嫩蛋包飯
     2366.67         13391.00        15553.00                  16917.00            
     11024.33        -2162.00        -3526.00                 
餅乾花盆
     386.67          4119.00         3764.00                   3764.00             
     3732.33         355.00          355.00                   
亮晶晶玻璃片
     636.67          6634.00         4755.00                   4755.00             
     5997.33         1879.00         1879.00                  
閃耀的彩色彈珠
     1870.00         15975.00        13043.00                  13168.00            
     14105.00        2932.00         2807.00                  
糖果花
     886.67          5570.00         7145.00                   7145.00             
     4683.33         -1575.00        -1575.00                 
幸福花盆
     1266.67         8180.00         7362.00                   7362.00             
     6913.33         818.00          818.00                   
糖果花束
     2516.67         1000.00         16367.00                  17371.00            
     -1516.67        -15367.00       -16371.00                
棒棒糖花籃
     2170.00         17778.00        17577.00                  17577.00            
     15608.00        201.00          201.00                   
玻璃捧花
     4106.67         24620.00        31224.00                  32128.00            
     20513.33        -6604.00        -7508.00                 
鮮奶油
     800.00          5977.00         4986.00                   4986.00             
     5177.00         991.00          991.00                   
奶油
     2216.67         21011.00        18938.00                  18938.00            
     18794.33        2073.00         2073.00                  
果凍拿鐵
     900.00          7569.00         4798.00                   4798.00             
     6669.00         2771.00         2771.00                  
珍珠奶茶
     3036.67         19655.00        19708.00                  20703.00            
     16618.33        -53.00          -1048.00                 
雲朵糖抱枕
     1886.67         14722.00        13599.00                  15174.00            
     12835.33        1123.00         -452.00                  
熊熊果凍娃娃
     6033.33         24806.00        10029.00                  42771.00            
     18772.67        14777.00        -17965.00                
奶油根汁啤酒
     1933.33         17805.00        13650.00                  13650.00            
     15871.67        4155.00         4155.00                  
陰森森的馬芬蛋糕
     3250.00         19615.00        19619.00                  19619.00            
     16365.00        -4.00           -4.00                    
