cost: ingredient cost of making it
    i.e. sum of all base ingredient cost needed
one_d_ing_value: sum of sell value of ingredients
                 i.e. one-depth best ingredient value search
best_value: best possible selling value of ingredients

     ing_cost(ic)    value           one_d_ing_value(odiv)     best_ing_value(biv)
     value-ic        value-odiv      value-biv
-------------------------------------------------------------------------------------------
瑞士卷木柴
     10.00           50.00           50.00                     50.00               
     40.00           0.00            0.00                     
豆豆果凍
     16.67           89.00           89.00                     89.00               
     72.33           0.00            0.00                     
方糖
     26.67           131.00          131.00                    131.00              
     104.33          0.00            0.00                     
餅乾粉
     66.67           547.00          547.00                    547.00              
     480.33          0.00            0.00                     
果凍莓
     250.00          1513.00         1513.00                   1513.00             
     1263.00         0.00            0.00                     
香醇牛奶
     350.00          1865.00         1865.00                   1865.00             
     1515.00         0.00            0.00                     
棉花糖羊毛
     1000.00         8029.00         8029.00                   8029.00             
     7029.00         0.00            0.00                     
堅硬斧頭
     20.00           123.00          100.00                    100.00              
     103.00          23.00           23.00                    
堅固的十字鎬
     110.00          672.00          543.00                    543.00              
     562.00          129.00          129.00                   
銳利的鋸子
     193.33          1348.00         955.00                    955.00              
     1154.67         393.00          393.00                   
耐用的鏟子
     366.67          2545.00         1810.00                   1810.00             
     2178.33         735.00          735.00                   
神秘蝴蝶餅木樁
     550.00          5889.00         2715.00                   2715.00             
     5339.00         3174.00         3174.00                  
藍色糖果鉗子
     700.00          11871.00        3458.00                   3458.00             
     11171.00        8413.00         8413.00                  
恆久的糖衣槌子
     1233.33         18045.00        6085.00                   6085.00             
     16811.67        11960.00        11960.00                 
豆豆果凍果醬
     50.00           351.00          267.00                    267.00              
     301.00          84.00           84.00                    
甜甜果凍果醬
     100.00          1256.00         534.00                    534.00              
     1156.00         722.00          722.00                   
椪糖果醬
     600.00          4111.00         3560.00                   3560.00             
     3511.00         551.00          551.00                   
石榴果醬
     2900.00         18142.00        19673.00                  19673.00            
     15242.00        -1531.00        -1531.00                 
跳跳莓果醬
     3333.33         31402.00        25867.00                  25867.00            
     28068.67        5535.00         5535.00                  
紮實的黑麥麵包
     183.33          2422.00         1445.00                   1445.00             
     2238.67         977.00          977.00                   
香甜果醬派
     300.00          3516.00         2175.00                   2175.00             
     3216.00         1341.00         1341.00                  
銀杏佛卡夏
     1270.00         6475.00         8296.00                   8421.00             
     5205.00         -1821.00        -1946.00                 
糖霜甜甜圈
     1036.67         7604.00         6868.00                   6868.00             
     6567.33         736.00          736.00                   
柔軟的蜂蜜蛋糕
     3466.67         18348.00        18195.00                  18195.00            
     14881.33        153.00          153.00                   
金黃可頌
     7400.00         34731.00        43296.00                  43296.00            
     27331.00        -8565.00        -8565.00                 
松果鳥娃娃
     60.00           788.00          300.00                    300.00              
     728.00          488.00          488.00                   
橡實桌燈
     870.00          5014.00         5139.00                   5139.00             
     4144.00         -125.00         -125.00                  
咕咕鐘
     2333.33         14551.00        16709.00                  16709.00            
     12217.67        -2158.00        -2158.00                 
天鵝羽毛捕夢網
     3770.00         22477.00        21420.00                  25528.00            
     18707.00        1057.00         -3051.00                 
暖呼呼的果凍燉湯
     316.67          3183.00         1869.00                   1869.00             
     2866.33         1314.00         1314.00                  
熊熊果凍漢堡
     466.67          4557.00         4406.00                   4406.00             
     4090.33         151.00          151.00                   
糖果奶油義大利麵
     1266.67         8802.00         9806.00                   9806.00             
     7535.33         -1004.00        -1004.00                 
滑嫩蛋包飯
     2770.00         13391.00        15553.00                  17499.00            
     10621.00        -2162.00        -4108.00                 
什錦披薩果凍
     6046.67         22393.00        37410.00                  43710.00            
     16346.33        -15017.00       -21317.00                
高級的果凍套餐
     3816.67         44382.00        51697.00                  51697.00            
     40565.33        -7315.00        -7315.00                 
餅乾花盆
     386.67          4119.00         3764.00                   3764.00             
     3732.33         355.00          355.00                   
亮晶晶玻璃片
     636.67          4903.00         4755.00                   4755.00             
     4266.33         148.00          148.00                   
閃耀的彩色彈珠
     1466.67         15975.00        12586.00                  12586.00            
     14508.33        3389.00         3389.00                  
彩虹點心盅
     6600.00         28619.00        40214.00                  43276.00            
     22019.00        -11595.00       -14657.00                
糖果花
     886.67          5570.00         7145.00                   7145.00             
     4683.33         -1575.00        -1575.00                 
幸福花盆
     1266.67         6245.00         7362.00                   7362.00             
     4978.33         -1117.00        -1117.00                 
糖果花束
     2516.67         12197.00        16367.00                  17371.00            
     9680.33         -4170.00        -5174.00                 
棒棒糖花籃
     850.00          12368.00        8868.00                   8868.00             
     11518.00        3500.00         3500.00                  
玻璃捧花
     3400.00         24620.00        32206.00                  32206.00            
     21220.00        -7586.00        -7586.00                 
別緻的優格花環
     24686.67        52485.00        92242.00                  177510.00           
     27798.33        -39757.00       -125025.00               
鮮奶油
     800.00          5977.00         4986.00                   4986.00             
     5177.00         991.00          991.00                   
奶油
     2150.00         15321.00        11290.00                  11290.00            
     13171.00        4031.00         4031.00                  
手工起司
     5833.33         27945.00        33201.00                  35359.00            
     22111.67        -5256.00        -7414.00                 
果凍拿鐵
     900.00          7569.00         4798.00                   4798.00             
     6669.00         2771.00         2771.00                  
珍珠奶茶
     3036.67         19655.00        19708.00                  19708.00            
     16618.33        -53.00          -53.00                   
甜莓汽水
     5933.33         33301.00        50106.00                  50106.00            
     27367.67        -16805.00       -16805.00                
雲朵糖抱枕
     1533.33         15213.00        12405.00                  12405.00            
     13679.67        2808.00         2808.00                  
熊熊果凍娃娃
     6033.33         24806.00        32423.00                  42771.00            
     18772.67        -7617.00        -17965.00                
火龍果龍族娃娃
     7866.67         45586.00        60218.00                  60218.00            
     37719.33        -14632.00       -14632.00                
奶油根汁啤酒
     1933.33         14051.00        11715.00                  12832.00            
     12117.67        2336.00         1219.00                  
紅莓汁
     15566.67        43953.00        70794.00                  106724.00           
     28386.33        -26841.00       -62771.00                
陳年野篸飲
     13500.00        52449.00        80960.00                  80976.00            
     38949.00        -28511.00       -28527.00                
陰森森的馬芬蛋糕
     3250.00         19615.00        19619.00                  19619.00            
     16365.00        -4.00           -4.00                    
新鮮草莓蛋糕
     7006.67         35372.00        46968.00                  47074.00            
     28365.33        -11596.00       -11702.00                
派對戚風蛋糕
     18700.00        52131.00        93681.00                  115923.00           
     33431.00        -41550.00       -63792.00                
糖衣戒指
     4266.67         26224.00        24912.00                  24912.00            
     21957.33        1312.00         1312.00                  
紅寶石莓胸針
     16310.00        52014.00        97691.00                  106844.00           
     35704.00        -45677.00       -54830.00                
皇家熊熊果凍王冠
     10800.00        52117.00        81356.00                  96528.00            
     41317.00        -29239.00       -44411.00                
